---
build/images/ruby_and_rails.png: 2019-11-20 10:54:08.723029927 +09:00
build/images/logo_l.png: 2019-11-20 10:54:07.399534594 +09:00
build/images/html5_css3.png: 2019-11-20 10:54:10.444543513 +09:00
build/images/isewan.png: 2019-11-20 10:54:08.651741484 +09:00
build/images/reform.png: 2019-11-20 10:54:05.627394447 +09:00
build/images/catch_copy.png: 2019-11-20 10:54:06.322392059 +09:00
build/images/catch_copy_l.png: 2019-11-20 10:54:11.156673981 +09:00
build/images/apple-touch-icon-180x180.png: 2019-11-20 10:54:04.467821171 +09:00
build/images/ramen.png: 2019-11-20 10:54:04.966226980 +09:00
build/images/qualification.png: 2019-11-20 10:54:07.947816069 +09:00
build/images/logo.png: 2019-11-20 10:54:03.663272732 +09:00
build/images/5jk.png: 2019-11-20 10:54:09.885926097 +09:00
build/images/macbook.jpg: 2019-11-20 10:54:05.008130734 +09:00
build/images/aruitasakinimirukeshiki.jpg: 2019-11-20 10:54:09.695573035 +09:00
build/images/qualification_s.png: 2019-11-20 10:54:12.331017039 +09:00
