---
build/images/reform-8b20baef.png: 2019-11-19 22:34:43.485050521 +09:00
build/images/catch_copy-afca231b.png: 2019-11-19 22:34:48.918263402 +09:00
build/images/ramen-54eeb3b0.png: 2019-11-19 22:34:42.895378425 +09:00
build/images/macbook-3f9335a5.jpg: 2019-11-19 22:34:40.614852414 +09:00
build/images/html5_css3-8bd67c0a.png: 2019-11-19 22:34:48.212698195 +09:00
build/images/apple-touch-icon-180x180-aeb1801a.png: 2019-11-19 22:34:42.493191420
  +09:00
build/images/qualification-161edafd.png: 2019-11-19 22:34:45.832029672 +09:00
build/images/ruby_and_rails-f9bea98c.png: 2019-11-19 22:34:46.667957014 +09:00
build/images/qualification_s-ba650b10.png: 2019-11-19 22:34:44.692694021 +09:00
build/images/5jk-1aea9bf0.png: 2019-11-19 22:34:47.761589177 +09:00
build/images/logo-f8379c19.png: 2019-11-19 22:34:45.192004408 +09:00
build/images/isewan-011af7a0.png: 2019-11-19 22:34:46.589857521 +09:00
build/images/aruitasakinimirukeshiki-fe3f694e.jpg: 2019-11-19 22:34:41.931393551 +09:00
