---
build/images/reform-8b20baef.png: 2019-11-19 19:05:00.785485227 +09:00
build/images/catch_copy-afca231b.png: 2019-11-19 19:05:06.428610602 +09:00
build/images/ramen-54eeb3b0.png: 2019-11-19 19:05:00.211000538 +09:00
build/images/macbook-3f9335a5.jpg: 2019-11-19 19:04:57.928541403 +09:00
build/images/html5_css3-8bd67c0a.png: 2019-11-19 19:05:05.643320258 +09:00
build/images/apple-touch-icon-180x180-aeb1801a.png: 2019-11-19 19:04:59.762598458
  +09:00
build/images/qualification-161edafd.png: 2019-11-19 19:05:03.215158232 +09:00
build/images/ruby_and_rails-f9bea98c.png: 2019-11-19 19:05:03.992453984 +09:00
build/images/qualification_s-ba650b10.png: 2019-11-19 19:05:02.045028745 +09:00
build/images/5jk-1aea9bf0.png: 2019-11-19 19:05:05.149501591 +09:00
build/images/logo-f8379c19.png: 2019-11-19 19:05:02.587561757 +09:00
build/images/isewan-011af7a0.png: 2019-11-19 19:05:03.886241739 +09:00
build/images/aruitasakinimirukeshiki-fe3f694e.jpg: 2019-11-19 19:04:59.277803574 +09:00
