---
build/images/ruby_and_rails.png: 2019-11-24 11:48:11.182115312 +09:00
build/images/logo_l.png: 2019-11-24 11:48:09.851111799 +09:00
build/images/au_pay.jpg: 2020-02-24 00:29:15.255224722 +09:00
build/images/html5_css3.png: 2019-11-24 11:48:12.932687245 +09:00
build/images/isewan.png: 2019-11-24 11:48:11.114502141 +09:00
build/images/reform.png: 2019-11-24 11:48:08.236956424 +09:00
build/images/catch_copy.png: 2019-11-24 11:48:08.909384954 +09:00
build/images/catch_copy_l.png: 2019-11-24 11:48:13.630696748 +09:00
build/images/apple-touch-icon-180x180.png: 2019-11-24 11:48:07.022546819 +09:00
build/images/ramen.png: 2019-11-24 11:48:07.564405484 +09:00
build/images/qualification.png: 2019-11-24 11:48:10.446502377 +09:00
build/images/logo.png: 2019-11-24 11:48:06.305449570 +09:00
build/images/5jk.png: 2019-11-24 11:48:12.319131283 +09:00
build/images/macbook.jpg: 2019-11-24 11:48:07.591553252 +09:00
build/images/aruitasakinimirukeshiki.jpg: 2019-11-24 11:48:12.205323338 +09:00
build/images/meru_pay.jpg: 2020-02-24 00:29:21.680336189 +09:00
build/images/qualification_s.png: 2019-11-24 11:48:14.644320271 +09:00
