---
build/images/ruby_and_rails.png: 2019-11-19 22:44:26.985187071 +09:00
build/images/html5_css3.png: 2019-11-19 22:44:28.601568184 +09:00
build/images/isewan.png: 2019-11-19 22:44:26.815302965 +09:00
build/images/reform.png: 2019-11-19 22:44:23.729295627 +09:00
build/images/catch_copy.png: 2019-11-19 22:44:29.327524464 +09:00
build/images/apple-touch-icon-180x180.png: 2019-11-19 22:44:22.744876698 +09:00
build/images/ramen.png: 2019-11-19 22:44:23.126264847 +09:00
build/images/qualification.png: 2019-11-19 22:44:26.221067910 +09:00
build/images/logo.png: 2019-11-19 22:44:25.528063379 +09:00
build/images/5jk.png: 2019-11-19 22:44:28.074017235 +09:00
build/images/macbook.jpg: 2019-11-19 22:44:20.703113392 +09:00
build/images/aruitasakinimirukeshiki.jpg: 2019-11-19 22:44:21.481079441 +09:00
build/images/qualification_s.png: 2019-11-19 22:44:25.358555840 +09:00
