---
build/images/reform-8b20baef.png: 2019-11-19 18:08:32.442539321 +09:00
build/images/catch_copy-afca231b.png: 2019-11-19 18:08:37.901172833 +09:00
build/images/ramen-54eeb3b0.png: 2019-11-19 18:08:31.896545274 +09:00
build/images/macbook-3f9335a5.jpg: 2019-11-19 18:08:29.659151620 +09:00
build/images/html5_css3-8bd67c0a.png: 2019-11-19 18:08:37.160364776 +09:00
build/images/apple-touch-icon-180x180-aeb1801a.png: 2019-11-19 18:08:31.458877488
  +09:00
build/images/qualification-161edafd.png: 2019-11-19 18:08:34.808583585 +09:00
build/images/ruby_and_rails-f9bea98c.png: 2019-11-19 18:08:35.469100545 +09:00
build/images/qualification_s-ba650b10.png: 2019-11-19 18:08:33.614113187 +09:00
build/images/5jk-1aea9bf0.png: 2019-11-19 18:08:36.633064422 +09:00
build/images/logo-f8379c19.png: 2019-11-19 18:08:34.091688974 +09:00
build/images/isewan-011af7a0.png: 2019-11-19 18:08:35.365451391 +09:00
build/images/aruitasakinimirukeshiki-fe3f694e.jpg: 2019-11-19 18:08:30.944843304 +09:00
