---
build/images/ruby_and_rails.png: 2020-04-16 19:14:14.367058119 +09:00
build/images/AW-864.jpg: 2020-04-16 19:14:09.669167741 +09:00
build/images/logo_l.png: 2020-04-16 19:14:13.106884424 +09:00
build/images/au_pay.jpg: 2020-04-16 19:14:09.388297045 +09:00
build/images/html5_css3.png: 2020-04-16 19:14:16.253965771 +09:00
build/images/robohon_scratch.png: 2020-04-16 19:14:14.134489522 +09:00
build/images/mobile_display.jpg: 2020-04-16 19:14:09.066545702 +09:00
build/images/TK738.png: 2020-04-16 19:14:49.403302398 +09:00
build/images/isewan.png: 2020-04-16 19:14:14.426829477 +09:00
build/images/ipass.png: 2020-04-16 19:15:33.578374864 +09:00
build/images/hajimeteno_programming.jpg: 2020-04-16 19:14:09.112226172 +09:00
build/images/ruby.png: 2020-04-16 19:14:12.741264155 +09:00
build/images/MR-002.jpg: 2020-04-16 19:14:09.730057982 +09:00
build/images/catch_copy.png: 2020-04-16 19:14:17.427775779 +09:00
build/images/keyboard.jpg: 2020-04-16 19:14:14.680863187 +09:00
build/images/catch_copy_l.png: 2020-04-16 19:14:21.702573215 +09:00
build/images/lcd2.jpg: 2020-04-16 19:14:15.490614957 +09:00
build/images/K-00907.jpg: 2020-04-16 19:14:16.643125519 +09:00
build/images/K-12335.jpg: 2020-04-16 19:14:16.589793634 +09:00
build/images/apple-touch-icon-180x180.png: 2020-04-16 19:14:17.933192849 +09:00
build/images/noel.png: 2020-04-16 19:15:07.830709972 +09:00
build/images/ramen.png: 2020-04-16 19:15:02.842958625 +09:00
build/images/qualification.png: 2020-04-16 19:17:00.588301109 +09:00
build/images/raspberrypi4.jpg: 2020-04-16 19:16:56.349499406 +09:00
build/images/console.png: 2020-04-16 19:17:03.348531256 +09:00
build/images/logo.png: 2020-04-16 19:16:57.409110539 +09:00
build/images/cover.jpg: 2020-04-16 19:16:59.097371368 +09:00
build/images/5jk.png: 2020-04-16 19:17:02.638717910 +09:00
build/images/macbook.jpg: 2020-04-16 19:16:56.362022303 +09:00
build/images/aruitasakinimirukeshiki.jpg: 2020-04-16 19:16:57.167806279 +09:00
build/images/K-09045.jpg: 2020-04-16 19:16:56.239402711 +09:00
build/images/lcd.jpg: 2020-04-16 19:16:56.357470818 +09:00
build/images/source.png: 2020-04-16 19:17:13.268965400 +09:00
build/images/homemade.png: 2020-04-16 19:16:59.593107210 +09:00
build/images/iPad.jpg: 2020-04-16 19:16:57.611012949 +09:00
build/images/meru_pay.jpg: 2020-04-16 19:17:01.160044110 +09:00
build/images/robohon.png: 2020-04-16 19:17:05.376119056 +09:00
build/images/qualification_s.png: 2020-04-16 19:17:06.229896161 +09:00
