---
build/images/ruby_and_rails.png: 2019-11-20 00:02:36.070247807 +09:00
build/images/html5_css3.png: 2019-11-20 00:02:37.596258149 +09:00
build/images/isewan.png: 2019-11-20 00:02:35.983307059 +09:00
build/images/reform.png: 2019-11-20 00:02:32.972045665 +09:00
build/images/catch_copy.png: 2019-11-20 00:02:38.335081892 +09:00
build/images/apple-touch-icon-180x180.png: 2019-11-20 00:02:31.983305021 +09:00
build/images/ramen.png: 2019-11-20 00:02:32.404354954 +09:00
build/images/qualification.png: 2019-11-20 00:02:35.353095329 +09:00
build/images/logo.png: 2019-11-20 00:02:34.684681096 +09:00
build/images/5jk.png: 2019-11-20 00:02:37.074922817 +09:00
build/images/macbook.jpg: 2019-11-20 00:02:30.359015199 +09:00
build/images/aruitasakinimirukeshiki.jpg: 2019-11-20 00:02:31.089499562 +09:00
build/images/qualification_s.png: 2019-11-20 00:02:34.568172620 +09:00
